intrinsic:
1140.4516533030871 0.0 646.4646575796264 
0.0 1125.129609849204 355.89393133595786 
0.0 0.0 1.0 
distortion:
-0.1386290424911194 1.3477656663616695 0.007971850270109333 -0.013765600614350155 -2.8266178471784675 
