intrinsic:
1237.168898541703 0.0 936.1159660434384 
0.0 1224.9995240322373 708.5125190405478 
0.0 0.0 1.0 
distortion:
-0.11004710103547664 0.07443888634168937 0.003325804343856092 -0.0006896978834337393 -0.24329647165912838 
